(
target:0.36170,
target_rc:0.53191,
nate_target:0.30851);
